0    4492.L3B
0 Name: C:\PROGRAM FILES (X86)\LDRAW\MODEL\OFFICIAL LEGO MODELS\STAR WARS\MINI BUILDING SET\4492 - STAR DESTROYER\4492.L3B

1  72 0 0 0 1 0 0 0 1 0 0 0 1 32000.DAT
1  71 -10 10 -10 0 0 -1 0 1 0 1 0 0 4274.DAT
1  71 10 10 -10 0 0 -1 0 1 0 1 0 0 4274.DAT
1  72 -10 10 10 0 0 -1 -1 0 0 0 1 0 3062B.DAT
1  72 10 10 10 0 0 -1 -1 0 0 0 1 0 3062B.DAT
1  72 0 0 -20 1 0 0 0 1 0 0 0 1 32000.DAT
1  0 10 -8 -10 0 0 -1 0 1 0 1 0 0 44567.DAT
1  0 -10 -8 -10 0 0 1 0 1 0 -1 0 0 44567.DAT
1  72 0 -8 -40 -1 0 0 0 1 0 0 0 -1 32000.DAT
1  71 10 2 -50 0 0 1 0 1 0 -1 0 0 4274.DAT
1  71 -10 2 -50 0 0 1 0 1 0 -1 0 0 4274.DAT
1  0 0 2 -58 -1 0 0 0 0 1 0 1 0 3794B.DAT
1  40 0 2 -66 -1 0 0 0 0 1 0 1 0 4740.DAT
1  40 0 -7.999001 -30 1 0 0 0 1 0 0 0 1 30602.DAT
1  72 0 -7.999001 10 -1 0 0 0 1 0 0 0 -1 30602.DAT
1  0 78.96152 29.19615 -30 0 -0.5 -0.8660254 0 0.8660254 -0.5 1 0 0 2540.DAT
1  0 -78.96152 29.19615 -30 0 0.5 0.8660254 0 0.8660254 -0.5 -1 0 0 2540.DAT
1  72 61.64101 19.19615 20 0 -0.5 -0.8660254 0 0.8660254 -0.5 1 0 0 2450.DAT
1  72 -61.64101 19.19615 20 -0.8660254 0.5 0 0.5 0.8660254 0 0 0 -1 2450.DAT
1  72 61.64101 19.19615 -80 0.8660254 -0.5 0 0.5 0.8660254 0 0 0 1 2450.DAT
1  72 -61.64101 19.19615 -80 0 0.5 0.8660254 0 0.8660254 -0.5 -1 0 0 2450.DAT
1  72 56.98076 7.267949 -30 0 -0.5 -0.8660254 0 0.8660254 -0.5 1 0 0 44570.DAT
1  72 -56.98076 7.267949 -30 0 0.5 0.8660254 0 0.8660254 -0.5 -1 0 0 44570.DAT
1  0 86.96152 15.33974 -30 0 -0.5 -0.8660254 0 0.8660254 -0.5 1 0 0 2540.DAT
1  0 -86.96152 15.33974 -30 0 0.5 0.8660254 0 0.8660254 -0.5 -1 0 0 2540.DAT
1  15 65.64101 12.26795 -80 0 -0.5 -0.8660254 0 0.8660254 -0.5 1 0 0 4073.DAT
1  15 -65.64101 12.26795 -80 0 0.5 0.8660254 0 0.8660254 -0.5 -1 0 0 4073.DAT
1  14 48.32051 2.267949 -80 0 -0.5 0.8660254 0 0.8660254 0.5 -1 0 0 4081B.DAT
1  14 -48.32051 2.267949 -80 0 0.5 -0.8660254 0 0.8660254 0.5 1 0 0 4081B.DAT
1  14 56.98076 7.267949 -130 0.8660254 -0.5 0 0.5 0.8660254 0 0 0 1 41770.DAT
1  14 -56.98076 7.267949 -130 0.8660254 0.5 0 -0.5 0.8660254 0 0 0 1 41769.DAT
1  14 95.28203 40.9282 -10 0.2588191 0 -0.9659258 0.9659258 0 0.2588191 0 -1 0 2335.DAT
1  14 -95.28203 40.9282 -10 0.2588192 0 0.9659256 -0.9659255 0 0.2588192 0 -1 0 2335.DAT
1  14 103.282 27.0718 -10 -0.9659258 0 -0.258819 0.258819 0 -0.9659258 0 -1 0 2335.DAT
1  14 -103.282 27.0718 -10 -0.9659256 0 0.2588187 -0.2588187 0 -0.9659257 0 -1 0 2335.DAT
1  14 52.32051 -4.660254 -50 0 -0.5 -0.8660254 0 0.8660254 -0.5 1 0 0 6636.DAT
1  14 -52.32051 -4.660254 -50 0 0.5 0.8660254 0 0.8660254 -0.5 -1 0 0 6636.DAT
1  71 30 -6 -158 -0.5 0 -0.8660254 0.8660254 0 -0.5 0 -1 0 3957A.DAT
1  71 -30 -6 -158 -0.5 0 0.8660254 -0.8660254 0 -0.5 0 -1 0 3957A.DAT

0 WORLD  45.52106 147.9044 -139.9172 0.5897907 -5.029142E-07 0.8075642 0.5621708 0.7179111 -0.4105716 -0.5797556 0.6961333 0.4234162
0 CENTRE  0 0 0
0 LOOKAT  20 189 0
0 ZOOM  55
0 ROTANGLE 0.9399995
