0 FILE main.ldr
0 main
0 Name: main.ldr
0 Author: Nicola
0 Unofficial Model
0 !LPUB PLI ANNOTATE FONT GLOBAL "Arial,20,-1,5,75,0,0,0,0,0"
0 !LPUB PLI INSTANCE_COUNT FONT GLOBAL "Arial,20,-1,5,75,0,0,0,0,0"
0 !LPUB PLI MODEL_SCALE GLOBAL  0.7500
0 !LPUB MULTI_STEP BEGIN
0 !LPUB MULTI_STEP PLACEMENT CENTER PAGE INSIDE 0.00414118 -0.256
0 ROTATION CENTER 0 0 0 1 "Custom" 
0 ROTATION CONFIG 0 0
1 7 0 0 0 1 0 0 0 1 0 0 0 1 4871.dat
1 7 0 24 0 1 0 0 0 1 0 0 0 1 4032a.dat
0 STEP
0 !LPUB PLI CONSTRAIN LOCAL HEIGHT 1.53333
1 7 0 -8 -30 1 0 0 0 1 0 0 0 1 3710.dat
1 0 0 -8 30 1 0 0 0 1 0 0 0 1 3710.dat
0 STEP
0 STEP
1 7 -30 0 0 0 0 1 0 1 0 -1 0 0 3710.dat
1 7 30 0 0 0 0 1 0 1 0 -1 0 0 3710.dat
0 STEP
1 7 -30 -24 0 0 0 -1 0 1 0 1 0 0 4865a.dat
1 7 30 -24 0 0 0 1 0 1 0 -1 0 0 4865a.dat
1 7 0 -16 -30 1 0 0 0 1 0 0 0 1 2436a.dat
0 STEP
0 !LPUB MULTI_STEP DIVIDER
1 8 30 -8 -30 -1 0 0 0 1 0 0 0 -1 54200.dat
1 8 -30 -8 -30 -1 0 0 0 1 0 0 0 -1 54200.dat
1 4 0 -24 -30 -1 0 0 0 1 0 0 0 -1 3794b.dat
0 STEP
1 7 0 -32 -30 -1 0 0 0 1 0 0 0 -1 3070b.dat
1 7 0 -6 -52 -1 0 0 0 0 1 0 1 0 48336.dat
0 STEP
1 4 -30 -6 -68 0 0 1 1 0 0 0 1 0 50950.dat
1 4 30 -6 -68 0 0 -1 -1 0 0 0 1 0 50950.dat
0 STEP
0 !LPUB MULTI_STEP END
0 !LPUB MULTI_STEP BEGIN
0 !LPUB PLI CONSTRAIN LOCAL HEIGHT 1.1
0 !LPUB MULTI_STEP PLI PLACEMENT TOP CENTER ASSEM OUTSIDE
0 !LPUB MULTI_STEP PLACEMENT CENTER PAGE INSIDE -0.00206993 0.0016
0 !LPUB CALLOUT PLI PER_STEP FALSE
0 !LPUB CALLOUT BEGIN
1 4 0 -27.166 38.528 -1 0 0 0 0.559193 -0.829038 0 -0.829038 -0.559193 tail.ldr
0 !LPUB CALLOUT POINTER CENTER 0 0.613391 0.473988
0 !LPUB CALLOUT PLACEMENT BOTTOM ASSEM INSIDE
0 !LPUB CALLOUT END
0 STEP
0 !LPUB MULTI_STEP END
0 !LPUB MULTI_STEP BEGIN
0 !LPUB MULTI_STEP PLI PLACEMENT LEFT TOP ASSEM OUTSIDE

0 !LPUB CALLOUT BEGIN
1 4 0 40 -1 0 0 -1 0 1 0 1 0 0 base.ldr
0 !LPUB CALLOUT POINTER CENTER 0 0.37365 0.799569
0 !LPUB CALLOUT PLACEMENT RIGHT CENTER ASSEM OUTSIDE
0 !LPUB CALLOUT END
0 STEP
0 !LPUB MULTI_STEP PLI PLACEMENT TOP_LEFT ASSEM OUTSIDE
0 !LPUB PLI BEGIN SUB minifig.ldr 4
0 !LPUB PART BEGIN IGN
1 4 0 -37 8 1 0 0 0 1 0 0 0 1 minifig.ldr
0 !LPUB PLI END
0 !LPUB PART END
0 
0 STEP
0 !LPUB MULTI_STEP END
0 !LPUB BOM PLACEMENT LOCAL CENTER PAGE INSIDE 0.00828235 -0.1184

0 !LPUB BOM CONSTRAIN LOCAL HEIGHT 5.42
0 !LPUB INSERT PAGE
0 !LPUB INSERT BOM
0 SIMPLEANIM ANIMATION WingsUp 500 ENABLED TOGGLE WingsUp TOGGLE WingsDown DEF [wing1 ROTATE 0 0 1 1.5708 Cubic.InOut] [wing2 ROTATE 0 0 1 -1.5708 Cubic.InOut]
0 SIMPLEANIM ANIMATION WingsDown 500 DISABLED TOGGLE WingsUp TOGGLE WingsDown DEF [wing1 ROTATE 0 0 1 -1.5708 Cubic.InOut] [wing2 ROTATE 0 0 1 1.5708 Cubic.InOut]
0 SIMPLEANIM ANIMATION Engine 3000 ENABLED DEF [engine ROTATE 0 0 1 25.1327 Cubic.InOut]
0 NOFILE
0
0 FILE base.ldr
0 base
0 Name: base.ldr
0 Author: Nicola
0 Unofficial Model
0 
0 ROTATION CENTER 0 0 0 1 "Custom" 
0 ROTATION CONFIG 0 0
1 0 0 0 0 1 0 0 0 0 -1 0 1 0 55976.dat
1 7 0 0 0 1 0 0 0 0 -1 0 1 0 56145.dat
1 4 0 -10 0 0 0 -1 -1 0 0 0 1 0 32062.dat
0 
0 
0 
0 NOFILE
0
0 FILE tail.ldr
0 tail
0 Name: tail.ldr
0 Author: Nicola
0 Unofficial Model
0 ROTATION CENTER 0 0 0 1 "Custom" 
0 ROTATION CONFIG 0 0
1 7 -20 4.486 8.188 1 0 0 0 0.559193 0.829038 0 -0.829038 0.559193 3937.dat
1 7 20 4.486 8.188 1 0 0 0 0.559193 0.829038 0 -0.829038 0.559193 3937.dat
1 7 -20 0 0 -1 0 0 0 1 0 0 0 -1 6134.dat
1 7 20 0 0 -1 0 0 0 1 0 0 0 -1 6134.dat
0 STEP
1 7 0 -8 0 0 0 1 0 1 0 -1 0 0 3021.dat
1 7 -30 -8 -20 0 0 1 0 1 0 -1 0 0 3024.dat
1 7 30 -8 -20 0 0 1 0 1 0 -1 0 0 3024.dat
0 STEP
1 7 -30 -8 0 0 0 1 0 1 0 -1 0 0 4085a.dat
1 7 30 -8 0 0 0 -1 0 1 0 1 0 0 4085a.dat
1 8 0 -16 20 1 0 0 0 1 0 0 0 1 4590.dat
0 STEP
1 8 -30 -16 -10 0 0 1 0 1 0 -1 0 0 2412b.dat
1 8 30 -16 -10 0 0 1 0 1 0 -1 0 0 2412b.dat
1 8 -10 -16 20 -1 0 0 0 1 0 0 0 -1 54200.dat
1 8 10 -16 20 -1 0 0 0 1 0 0 0 -1 54200.dat
0 STEP
0 !LPUB CALLOUT DIVIDER
1 36 -30 -24 30 -1 0 0 0 1 0 0 0 -1 4073.dat
1 36 30 -24 30 -1 0 0 0 1 0 0 0 -1 4073.dat
0 STEP
0 !LPUB PLI CONSTRAIN LOCAL HEIGHT 1.43333
1 8 0 -48 -10 -1 0 0 0 1 0 0 0 -1 2460.dat
1 7 0 -40 -10 -1 0 0 0 1 0 0 0 -1 92947.dat
0 SIMPLEANIM ANIMATED engine
1 7 0 -58 -10 -1 0 0 0 0 1 0 1 0 41531.dat
0 STEP
0 !LPUB CALLOUT PLI PER_STEP FALSE
0 !LPUB CALLOUT BEGIN
0 SIMPLEANIM ANIMATED wing1
1 7 50.203 -4 -0.342 -0.707107 -0.707107 0 0 0 -1 0.707107 -0.707107 0 wing1.ldr
0 !LPUB CALLOUT POINTER CENTER 0 0.839662 0.811258
0 !LPUB CALLOUT PLACEMENT BOTTOM ASSEM INSIDE
0 !LPUB CALLOUT ALLOC HORIZONTAL
0 !LPUB CALLOUT END
0 !LPUB CALLOUT BEGIN
0 SIMPLEANIM ANIMATED wing2
1 7 -49.695 -4 0.364 -0.707107 0.707107 0 0 0 -1 -0.707107 -0.707107 0 wing2.ldr
0 !LPUB CALLOUT POINTER CENTER 0 0.214876 0.569536
0 !LPUB CALLOUT PLACEMENT TOP ASSEM INSIDE
0 !LPUB CALLOUT ALLOC HORIZONTAL
0 !LPUB CALLOUT END
0 
0 STEP
0 NOFILE
0
0 FILE wing1.ldr
0 wing1
0 Name: wing1.ldr
0 Author: Nicola
0 Unofficial Model
0 ROTATION CENTER 0 0 0 1 "Custom" 
0 ROTATION CONFIG 0 0
1 7 -40 6 -10 0 0 1 0 1 0 -1 0 0 43723.dat
1 7 -30 -2 0 1 0 0 0 1 0 0 0 1 60478.dat
0 STEP
1 8 -30 -2 0 0 0 1 0 1 0 -1 0 0 61409.dat
1 4 -60 6 0 0 0 1 0 1 0 -1 0 0 54200.dat
0 
0 
0 NOFILE
0
0 FILE wing2.ldr
0 wing2
0 Name: wing2.ldr
0 Author: Nicola
0 Unofficial Model
0 ROTATION CENTER 0 0 0 1 "Custom" 
0 ROTATION CONFIG 0 0
1 7 40 6 -10 0 0 -1 0 1 0 1 0 0 43722.dat
1 7 30 -2 0 -1 0 0 0 1 0 0 0 -1 60478.dat
0 STEP
1 8 30 -2 0 0 0 -1 0 1 0 1 0 0 61409.dat
1 4 60 6 0 0 0 -1 0 1 0 1 0 0 54200.dat
0 
0 
0 
0 
0 
0 
0 
0 NOFILE
0
0 FILE minifig.ldr
0 minifig
0 Name: minifig.ldr
0 Author: Nicola
0 Unofficial Model
0 ROTATION CENTER 0 0 0 1 "Custom" 
0 ROTATION CONFIG 0 0
1 6 0 -24 0 1 0 0 0 1 0 0 0 1 30171.dat
1 14 0 -24 0 1 0 0 0 1 0 0 0 1 3626bpse.dat
1 4 0 0 0 1 0 0 0 1 0 0 0 1 973p8g.dat
1 0 0 32 0 1 0 0 0 1 0 0 0 1 3815.dat
1 4 -15.552 9 0 0.985 -0.0609226 -0.158709 0.17 0.352992 0.919577 0 -0.93358 0.358368 3818.dat
1 4 15.552 9 0 0.985 0.0771784 0.151471 -0.17 0.447181 0.877641 0 -0.891007 0.45399 3819.dat
1 6 -20.1789 5.24754 -21.2136 0.985 -0.155279 -0.0691348 0.17 0.899706 0.400575 0 -0.406675 0.913408 3820.dat
1 6 20.5586 7.44742 -21.4018 0.985 0.161655 0.052525 -0.17 0.936649 0.304336 0 -0.30897 0.950913 3820.dat
1 4 0 44 0 1 0 0 0 0 1 0 -1 0 3816.dat
1 4 0 44 0 1 0 0 0 0 1 0 -1 0 3817.dat
0 
0 
0 NOFILE
0 
0
0
