0 8815 Speedway Bandit
0 Name: 8815 Speedway Bandit.ldr
0 Author: C3POwen
0 Official Model
1 0 0 0 -80 1 0 0 0 1 0 0 0 1 4442.dat
1 4 -50 0 -20 0 0 1 0 1 0 -1 0 0 2450.dat
1 4 50 0 -20 1 0 0 0 1 0 0 0 1 2450.dat
1 4 0 0 30 1 0 0 0 1 0 0 0 1 3738.dat
1 4 0 0 70 1 0 0 0 1 0 0 0 1 3738.dat
0 STEP
1 4 -30 -24 -10 0 0 1 0 1 0 -1 0 0 3702.dat
1 4 30 -24 -10 0 0 1 0 1 0 -1 0 0 3702.dat
1 4 -70 -24 90 0 0 1 0 1 0 -1 0 0 3894.dat
0 STEP
1 4 0 -8 -90 0 0 1 0 1 0 -1 0 0 3022.dat
1 4 -70 -24 20 1 0 0 0 1 0 0 0 1 3040b.dat
1 4 70 -24 20 1 0 0 0 1 0 0 0 1 3040b.dat
1 0 -90 -14 130 1 0 0 0 1 0 0 0 1 3705.dat
1 7 -40 -14 130 0 0 1 0 -1 0 1 0 0 2853.dat
1 7 -40 -14 120 0 0 1 -0.694658 0.71934 0 -0.71934 -0.694658 0 2852.dat
0 STEP
1 7 0 -16 -80 1 0 0 0 1 0 0 0 1 3023.dat
1 7 -70 -24 -80 1 0 0 0 1 0 0 0 1 4261.dat
1 0 -90 -14 -80 1 0 0 0 1 0 0 0 1 3705.dat
1 7 -55 -14 -80 0 0 1 0 1 0 -1 0 0 4265a.dat
1 7 -70 -24 -40 0 0 1 1 0 0 0 1 0 3749.dat
1 4 -10 -24 90 0 0 1 0 1 0 -1 0 0 3894.dat
1 7 0 -14 90 1 0 0 0 1 0 0 0 1 3673.dat
1 4 10 -24 90 0 0 1 0 1 0 -1 0 0 3894.dat
1 8 -40 -42.773 147.786 1 0 0 0 0.656059 0.75471 0 -0.75471 0.656059 2851.dat
0 STEP
1 4 0 -24 -80 1 0 0 0 1 0 0 0 1 3023.dat
1 7 70 -24 -80 1 0 0 0 1 0 0 0 1 4261.dat
1 0 90 -14 -80 1 0 0 0 1 0 0 0 1 3705.dat
1 7 55 -14 -80 0 0 -1 0 1 0 1 0 0 4265a.dat
1 7 70 -24 -40 0 0 1 1 0 0 0 1 0 3749.dat
1 4 0 -32 -20 1 0 0 0 1 0 0 0 1 3710.dat
0 STEP
1 0 0 -32 -40 1 0 0 0 1 0 0 0 1 2792.dat
1 4 0 -32 120 0 0 1 0 1 0 -1 0 0 3021.dat
1 4 0 -40 120 1 0 0 0 1 0 0 0 1 3023.dat
1 7 -10 -40 140 1 0 0 0 1 0 0 0 1 2420.dat
1 4 -10 -64 130 0 0 1 0 1 0 -1 0 0 3700.dat
1 4 10 -64 130 0 0 1 0 1 0 -1 0 0 3700.dat
1 0 20 -14 130 1 0 0 0 1 0 0 0 1 2780.dat
0 STEP
1 7 0 -46 -40 1 0 0 0 0.92388 -0.382683 0 0.382683 0.92388 2791a.dat
1 4 30 -34 140 0 0 1 -1 0 0 0 -1 0 3701.dat
1 0 -10 -54 130 1 0 0 0 1 0 0 0 1 3706.dat
1 7 -65 -54 130 0 0 -1 0 1 0 1 0 0 4265a.dat
1 7 -40 -55.966 162.743 0 0 1 -0.75471 0.656059 0 -0.656059 -0.75471 0 2850.dat
1 7 -20 -23.811 156.24 1 0 0 0 0.656059 0.75471 0 -0.75471 0.656059 4274.dat
0 STEP
1 4 0 -32 -100 1 0 0 0 1 0 0 0 1 3937.dat
1 4 0 -29.071 -107.071 1 0 0 0 0.707107 -0.707107 0 0.707107 0.707107 3938.dat
1 7 0 -46 -40 1 0 0 0 1 0 0 0 1 2790a.dat
1 4 70 -24 90 0 0 1 0 1 0 -1 0 0 3894.dat
1 0 90 -14 130 1 0 0 0 1 0 0 0 1 3705.dat
1 7 50 -14 130 0 0 1 0 1 0 -1 0 0 3713.dat
1 7 45 -54 130 0 0 1 0 1 0 -1 0 0 4265a.dat
0 STEP
1 7 0 -62.63 -46.89 1 0 0 0 0.92388 -0.382683 0 0.382683 0.92388 3647.dat
1 0 0 -72.197 -23.791 0 0 1 0.382683 0.92388 0 -0.92388 0.382683 0 3705.dat
1 0 0 -14 50 1 0 0 0 1 0 0 0 1 3737.dat
1 7 90 -14 50 0 0 -1 0 1 0 1 0 0 3713.dat
1 4 0 -32 70 1 0 0 0 1 0 0 0 1 3738.dat
1 7 -10 -64 160 0 0 -1 0 1 0 1 0 0 4070.dat
1 7 20 -54 160 0 -1 0 1 0 0 0 0 1 3062b.dat
1 7 44 -54 160 0 -1 0 1 0 0 0 0 1 4589.dat
0 STEP
1 15 0 -41.799 -105.657 1 0 0 0 0.707107 -0.707107 0 0.707107 0.707107 3068bp81.dat
1 7 0 -85.722 8.863 1 0 0 0 0.92388 -0.382683 0 0.382683 0.92388 4185.dat
1 7 -90 -14 50 0 0 1 0 1 0 -1 0 0 3713.dat
1 0 0 -32 80 1 0 0 0 1 0 0 0 1 2717.dat
1 15 -90 -14 -80 0 0 1 0 1 0 -1 0 0 3482.dat
1 256 -90 -14 -80 0 0 1 0 1 0 -1 0 0 3483.dat
1 15 -110 -14 -80 0 0 1 0 1 0 -1 0 0 3482.dat
1 256 -110 -14 -80 0 0 1 0 1 0 -1 0 0 3483.dat
1 15 90 -14 -80 0 0 1 0 1 0 -1 0 0 3482.dat
1 256 90 -14 -80 0 0 1 0 1 0 -1 0 0 3483.dat
1 15 110 -14 -80 0 0 1 0 1 0 -1 0 0 3482.dat
1 256 110 -14 -80 0 0 1 0 1 0 -1 0 0 3483.dat
1 15 -90 -14 130 0 0 1 0 1 0 -1 0 0 3482.dat
1 256 -90 -14 130 0 0 1 0 1 0 -1 0 0 3483.dat
1 15 -110 -14 130 0 0 1 0 1 0 -1 0 0 3482.dat
1 256 -110 -14 130 0 0 1 0 1 0 -1 0 0 3483.dat
1 15 90 -14 130 0 0 1 0 1 0 -1 0 0 3482.dat
1 256 90 -14 130 0 0 1 0 1 0 -1 0 0 3483.dat
1 15 110 -14 130 0 0 1 0 1 0 -1 0 0 3482.dat
1 256 110 -14 130 0 0 1 0 1 0 -1 0 0 3483.dat
0
