0 20014 4x4 Dynamo
0 Name: 20014 4x4 Dynamo.ldr
0 Author: C3POwen
0 Official Model
1 71 0 0 50 1 0 0 0 1 0 0 0 1 6157.dat
0 STEP
1 71 0 0 -10 0 0 1 0 1 0 -1 0 0 3795.dat
1 72 -10 0 60 0 0 1 0 1 0 -1 0 0 4073.dat
1 72 10 0 60 0 0 1 0 1 0 -1 0 0 4073.dat
0 STEP
1 71 0 0 -50 1 0 0 0 1 0 0 0 1 6157.dat
1 71 0 0 10 1 0 0 0 1 0 0 0 1 6157.dat
0 STEP
1 72 -10 -24 -60 1 0 0 0 1 0 0 0 1 59900.dat
1 72 10 -24 -60 1 0 0 0 1 0 0 0 1 59900.dat
1 72 -10 -24 -40 1 0 0 0 1 0 0 0 1 59900.dat
1 72 10 -24 -40 1 0 0 0 1 0 0 0 1 59900.dat
1 72 -10 -24 60 1 0 0 0 1 0 0 0 1 59900.dat
1 72 10 -24 60 1 0 0 0 1 0 0 0 1 59900.dat
0 STEP
1 14 0 -24 0 1 0 0 0 1 0 0 0 1 3660.dat
1 14 0 -24 20 -1 0 0 0 1 0 0 0 -1 3660.dat
0 STEP
1 14 0 -32 -40 0 0 1 0 1 0 -1 0 0 3021.dat
1 14 0 -32 10 0 0 1 0 1 0 -1 0 0 3022.dat
0 STEP
1 71 -10 -32 40 0 0 1 0 1 0 -1 0 0 4081b.dat
1 71 10 -32 40 0 0 -1 0 1 0 1 0 0 4081b.dat
1 71 -10 -32 60 0 0 1 0 1 0 -1 0 0 4081b.dat
1 71 10 -32 60 0 0 -1 0 1 0 1 0 0 4081b.dat
0 STEP
1 71 -10 -40 10 0 0 1 0 1 0 -1 0 0 44728.dat
1 71 10 -40 10 0 0 -1 0 1 0 1 0 0 44728.dat
1 14 0 -40 50 0 0 1 0 1 0 -1 0 0 3022.dat
0 STEP
1 72 -32 -30 10 0 1 0 0 0 -1 -1 0 0 2412b.dat
1 72 32 -30 10 0 -1 0 0 0 -1 1 0 0 2412b.dat
1 80 -32 -10 0 0 1 0 1 0 0 0 0 -1 4073.dat
1 80 32 -10 0 0 -1 0 1 0 0 0 0 1 4073.dat
1 71 -30 -30 88 1 0 0 0 0 1 0 -1 0 59900.dat
1 71 30 -30 88 1 0 0 0 0 1 0 -1 0 59900.dat
0 STEP
1 14 -10 -40 -60 0 0 1 0 1 0 -1 0 0 4081b.dat
1 14 10 -40 -60 0 0 -1 0 1 0 1 0 0 4081b.dat
1 14 -10 -40 -20 -1 0 0 0 1 0 0 0 -1 2420.dat
1 14 10 -40 -20 0 0 1 0 1 0 -1 0 0 2420.dat
0 STEP
1 0 0 -48 50 1 0 0 0 1 0 0 0 1 41854.dat
0 STEP
1 71 0 -64 -20 -1 0 0 0 1 0 0 0 -1 3937.dat
1 0 -10 -40 0 -1 0 0 0 1 0 0 0 -1 54200.dat
1 0 10 -40 0 -1 0 0 0 1 0 0 0 -1 54200.dat
1 72 0 -48 20 1 0 0 0 1 0 0 0 1 3069b.dat
0 STEP
1 0 -30 -40 -20 -1 0 0 0 1 0 0 0 -1 54200.dat
1 0 30 -40 -20 -1 0 0 0 1 0 0 0 -1 54200.dat
1 72 -10 -56 60 0 0 1 0 1 0 -1 0 0 4073.dat
1 72 10 -56 60 0 0 1 0 1 0 -1 0 0 4073.dat
1 72 -10 -64 60 0 0 1 0 1 0 -1 0 0 4073.dat
1 72 10 -64 60 0 0 1 0 1 0 -1 0 0 4073.dat
0 STEP
1 0 0 -48 -50 1 0 0 0 1 0 0 0 1 41854.dat
1 72 -10 -48 40 1 0 0 0 1 0 0 0 1 54200.dat
1 72 10 -48 40 1 0 0 0 1 0 0 0 1 54200.dat
0 STEP
1 72 -10 -64 60 -1 0 0 0 1 0 0 0 -1 42446.dat
1 72 10 -64 60 -1 0 0 0 1 0 0 0 -1 42446.dat
1 36 -10 -54 81 0 0 -1 1 0 0 0 -1 0 4073.dat
1 36 10 -54 81 0 0 -1 1 0 0 0 -1 0 4073.dat
0 STEP
1 0 0 -62.984 -15.62 1 0 0 0 0.898794 0.438371 0 -0.438371 0.898794 6134.dat
1 14 0 -61.41 5.866 1 0 0 0 0.898794 0.438371 0 -0.438371 0.898794 3794a.dat
0 STEP
1 43 -30 -38 -72 0 0 1 1 0 0 0 1 0 4073.dat
1 43 30 -38 -72 0 0 1 1 0 0 0 1 0 4073.dat
1 14 -10 -48 -50 1 0 0 0 1 0 0 0 1 61409.dat
1 14 10 -48 -50 1 0 0 0 1 0 0 0 1 61409.dat
0 STEP
1 72 0 -70.179 -12.109 1 0 0 0 0.898794 0.438371 0 -0.438371 0.898794 4590.dat
1 71 0 -77.37 -8.602 -1 0 0 0 0.898794 -0.438371 0 -0.438371 -0.898794 3069bpc3.dat
1 71 -29.982 -67.619 -2.301 -0.382683 0 0.92388 -0.405002 0.898794 -0.167757 -0.830377 -0.438371 -0.343954 60849.dat
1 71 30.051 -67.599 -2.255 -0.382683 0 -0.92388 0.405002 0.898794 -0.167757 0.830377 -0.438371 -0.343954 60849.dat
0 STEP
1 71 -40 5 -50 0 0 1 0 1 0 -1 0 0 6014.dat
1 256 -40 5 -50 0 0 1 0 1 0 -1 0 0 56890.dat
1 71 40 5 -50 0 0 -1 0 1 0 1 0 0 6014.dat
1 256 40 5 -50 0 0 -1 0 1 0 1 0 0 56890.dat
1 71 -40 5 50 0 0 1 0 1 0 -1 0 0 6014.dat
1 256 -40 5 50 0 0 1 0 1 0 -1 0 0 56890.dat
1 71 40 5 50 0 0 -1 0 1 0 1 0 0 6014.dat
1 256 40 5 50 0 0 -1 0 1 0 1 0 0 56890.dat
0
