0 8122 Desert Viper
0 Name: 8122 Desert Viper.ldr
0 Author: C3POwen
0 Official Model
1 0 0 5.152 -20.133 0 0 1 0.057111 0.998368 0 -0.998368 0.057111 0 3021.dat
1 0 0 1.14 49.747 0 0 1 0.057111 0.998368 0 -0.998368 0.057111 0 3020.dat
0 STEP
1 14 0 -3.42 -10.604 0 0 1 0.057111 0.998368 0 -0.998368 0.057111 0 3795.dat
0 STEP
1 0 0 0.009 -70.505 1 0 0 0 0.998368 -0.057111 0 0.057111 0.998368 6157.dat
1 0 0 0 69.707 1 0 0 0 0.998368 -0.057111 0 0.057111 0.998368 6157.dat
0 STEP
1 1 -10 -7.41 59.28 0 0 1 0.057111 0.998368 0 -0.998368 0.057111 0 4073.dat
1 1 10 -7.41 59.28 0 0 1 0.057111 0.998368 0 -0.998368 0.057111 0 4073.dat
1 0 0 -24.516 78.319 -1 0 0 0 0.998368 0.057111 0 0.057111 -0.998368 30236.dat
0 STEP
1 14 0 0.594 -80.488 1 0 0 0 0.998368 -0.057111 0 0.057111 0.998368 2540.dat
1 0 -16 4.071 -106.332 0 0 1 -0.998368 0.057111 0 -0.057111 -0.998368 0 2555.dat
1 0 16 4.071 -106.332 0 0 1 -0.998368 0.057111 0 -0.057111 -0.998368 0 2555.dat
1 46 -16 4.522 -114.32 0 0 -1 0.998368 0.057111 0 0.057111 -0.998368 0 4073.dat
1 46 16 4.522 -114.32 0 0 -1 0.998368 0.057111 0 0.057111 -0.998368 0 4073.dat
1 14 0 -12.54 8.909 0 0 1 0.057111 0.998368 0 -0.998368 0.057111 0 3795.dat
0 STEP
1 14 0 -19.961 -1.573 0 0 1 0.057111 0.998368 0 -0.998368 0.057111 0 3021.dat
1 14 0 -22.223 38.359 1 0 0 0 0.998368 -0.057111 0 0.057111 0.998368 3710.dat
1 14 0 -23.383 58.324 1 0 0 0 0.998368 -0.057111 0 0.057111 0.998368 3023.dat
0 STEP
1 14 -10 -24.52 -61.905 1 0 0 0 0.998368 -0.057111 0 0.057111 0.998368 50950.dat
1 14 10 -24.52 -61.905 1 0 0 0 0.998368 -0.057111 0 0.057111 0.998368 50950.dat
1 14 -20 -31.94 67.871 -1 0 0 0 0.998368 0.057111 0 0.057111 -0.998368 41770.dat
1 14 20 -31.94 67.871 -1 0 0 0 0.998368 0.057111 0 0.057111 -0.998368 41769.dat
0 STEP
1 0 0 -26.789 -21.974 1 0 0 0 0.998368 -0.057111 0 0.057111 0.998368 2412b.dat
1 0 -10 -28.511 7.977 0 0 1 0.057111 0.998368 0 -0.998368 0.057111 0 44728.dat
1 0 10 -28.511 7.977 0 0 -1 -0.057111 0.998368 0 0.998368 0.057111 0 44728.dat
0 STEP
1 14 -24 -8.545 9.138 0 1 0 -0.998368 0 -0.057111 -0.057111 0 0.998368 30602.dat
1 14 24 -8.545 9.138 0 -1 0 0.998368 0 -0.057111 0.057111 0 0.998368 30602.dat
1 14 0 -38.198 37.474 1 0 0 0 0.998368 -0.057111 0 0.057111 0.998368 3023.dat
1 14 -30 -41.059 87.392 0 0 1 0.057111 0.998368 0 -0.998368 0.057111 0 43723.dat
1 14 30 -41.059 87.392 0 0 -1 -0.057111 0.998368 0 0.998368 0.057111 0 43722.dat
0 STEP
1 0 0 -39.358 57.441 1 0 0 0 0.998368 -0.057111 0 0.057111 0.998368 50948.dat
0 STEP
1 14 0 -46.187 37.023 1 0 0 0 0.998368 -0.057111 0 0.057111 0.998368 3069b.dat
1 14 0 -55.334 56.533 -1 0 0 0 0.998368 0.057111 0 0.057111 -0.998368 47456.dat
0 STEP
1 0 -40 5 -70.222 0 0 1 0 1 0 -1 0 0 6014.dat
1 256 -46 5 -70.222 0 0 1 0 1 0 -1 0 0 6015.dat
1 0 40 5 -70.222 0 0 -1 -0 1 0 1 0 0 6014.dat
1 256 46 5 -70.222 0 0 -1 -0 1 0 1 0 0 6015.dat
1 0 -40 5 70 0 0 1 0 1 0 -1 0 0 6014.dat
1 256 -46 5 70 0 0 1 -0 1 0 -1 -0 0 6015.dat
1 0 40 5 70 0 0 -1 0 1 0 1 -0 0 6014.dat
1 256 46 5 70 0 0 -1 0 1 0 1 -0 0 6015.dat
0
