0 5867 Super Speedster (Model C)
0 Name: 5867 Super Speedster (Model C).ldr
0 Author: C3POwen
0 Official Model
1 0 0 0 -60 0 0 1 0 1 0 -1 0 0 3032.dat
0 STEP
1 4 0 -8 -100 1 0 0 0 1 0 0 0 1 3034.dat
1 71 0 -8 -70 1 0 0 0 1 0 0 0 1 3710.dat
1 71 0 -8 -50 1 0 0 0 1 0 0 0 1 3710.dat
1 71 0 -8 -30 1 0 0 0 1 0 0 0 1 3710.dat
0 STEP
1 0 0 0 60 0 0 1 0 1 0 -1 0 0 3032.dat
0 STEP
1 4 0 -8 0 1 0 0 0 1 0 0 0 1 3832.dat
0 STEP
1 71 0 -8 30 1 0 0 0 1 0 0 0 1 3710.dat
1 71 0 -8 60 1 0 0 0 1 0 0 0 1 3020.dat
1 0 0 -8 100 1 0 0 0 1 0 0 0 1 3034.dat
0 STEP
1 0 -60 0 -100 1 0 0 0 1 0 0 0 1 2654.dat
1 0 60 0 -100 1 0 0 0 1 0 0 0 1 2654.dat
1 0 -70 0 0 1 0 0 0 1 0 0 0 1 3021.dat
1 0 70 0 0 1 0 0 0 1 0 0 0 1 3021.dat
0 STEP
1 0 -20 -16 -20 0 0 1 0 1 0 -1 0 0 2445.dat
1 0 20 -16 -20 0 0 1 0 1 0 -1 0 0 2445.dat
1 4 0 -32 110 -1 0 0 0 1 0 0 0 -1 30414.dat
0 STEP
1 71 -50 -16 -10 0 0 1 0 1 0 -1 0 0 4073.dat
1 71 50 -16 -10 0 0 1 0 1 0 -1 0 0 4073.dat
1 0 -70 -16 0 0 0 1 0 1 0 -1 0 0 3023.dat
1 0 70 -16 0 0 0 1 0 1 0 -1 0 0 3023.dat
1 15 -20 -24 90 1 0 0 0 1 0 0 0 1 3023.dat
1 15 20 -24 90 1 0 0 0 1 0 0 0 1 3023.dat
0 STEP
1 4 -40 -24 0 0 0 -1 0 1 0 1 0 0 41770.dat
1 4 40 -24 0 0 0 1 0 1 0 -1 0 0 41769.dat
1 4 0 -32 90 1 0 0 0 1 0 0 0 1 3710.dat
1 4 -50 -32 100 0 0 1 0 1 0 -1 0 0 3004.dat
1 4 50 -32 100 0 0 1 0 1 0 -1 0 0 3004.dat
0 STEP
1 4 -20 -24 -100 0 0 1 0 1 0 -1 0 0 3022.dat
1 4 20 -24 -100 0 0 1 0 1 0 -1 0 0 3022.dat
1 4 -90 -32 0 0 0 1 0 1 0 -1 0 0 30414.dat
1 4 90 -32 0 0 0 -1 0 1 0 1 0 0 30414.dat
1 4 -70 -32 100 0 0 1 0 1 0 -1 0 0 2458.dat
1 4 70 -32 100 0 0 -1 0 1 0 1 0 0 2458.dat
0 STEP
1 4 -20 -24 50 1 0 0 0 1 0 0 0 1 3023.dat
1 4 20 -24 50 1 0 0 0 1 0 0 0 1 3023.dat
1 4 -20 -40 70 1 0 0 0 1 0 0 0 1 3004.dat
1 4 20 -40 70 1 0 0 0 1 0 0 0 1 3004.dat
1 0 0 -40 90 1 0 0 0 1 0 0 0 1 3460.dat
1 0 0 -40 110 1 0 0 0 1 0 0 0 1 3460.dat
0 STEP
1 4 -30 -40 -70 -1 0 0 0 1 0 0 0 -1 3040b.dat
1 4 30 -40 -70 -1 0 0 0 1 0 0 0 -1 3040b.dat
1 0 -70 -32 -10 1 0 0 0 1 0 0 0 1 2420.dat
1 0 70 -32 -10 0 0 -1 0 1 0 1 0 0 2420.dat
0 STEP
1 0 0 -32 20 0 0 1 0 1 0 -1 0 0 3020.dat
1 0 -30 -32 20 0 0 1 0 1 0 -1 0 0 3710.dat
1 0 30 -32 20 0 0 1 0 1 0 -1 0 0 3710.dat
0 STEP
1 71 -60 -32 -100 -1 0 0 0 1 0 0 0 -1 6232.dat
1 71 60 -32 -100 1 0 0 0 1 0 0 0 1 6232.dat
1 72 0 -40 -60 0 0 1 0 1 0 -1 0 0 3003.dat
0 STEP
1 15 0 -24 -130 1 0 0 0 1 0 0 0 1 3666.dat
1 0 -20 -32 -100 0 0 1 0 1 0 -1 0 0 3022.dat
1 0 20 -32 -100 0 0 1 0 1 0 -1 0 0 3022.dat
0 STEP
1 4 -10 -24 -130 1 0 0 0 1 0 0 0 1 54200.dat
1 4 10 -24 -130 1 0 0 0 1 0 0 0 1 54200.dat
1 0 -40 -32 -130 1 0 0 0 1 0 0 0 1 44728.dat
1 0 40 -32 -130 1 0 0 0 1 0 0 0 1 44728.dat
1 0 0 -40 -100 1 0 0 0 1 0 0 0 1 3034.dat
0 STEP
1 4 -80 -40 0 0 0 1 0 1 0 -1 0 0 87079.dat
1 4 80 -40 0 0 0 1 0 1 0 -1 0 0 87079.dat
1 4 -20 -48 90 0 0 1 0 1 0 -1 0 0 3021.dat
1 4 20 -48 90 0 0 1 0 1 0 -1 0 0 3021.dat
0 STEP
1 0 0 -56 50 1 0 0 0 1 0 0 0 1 4865b.dat
1 4 -50 -72 100 0 0 1 0 1 0 -1 0 0 2432.dat
1 4 50 -72 100 0 0 -1 0 1 0 1 0 0 2432.dat
0 STEP
1 71 0 -72 80 1 0 0 0 1 0 0 0 1 3001.dat
1 4 0 -72 110 -1 0 0 0 1 0 0 0 -1 30414.dat
0 STEP
1 0 0 -32 128 1 0 0 0 0 1 0 -1 0 3032.dat
0 STEP
1 4 0 -52 128 1 0 0 0 0 1 0 -1 0 88930.dat
1 4 -50 -12 152 0 0 1 -1 0 0 0 -1 0 3660.dat
1 4 50 -12 152 0 0 -1 1 0 0 0 -1 0 3660.dat
0 STEP
1 4 0 -12 160 1 0 0 0 0 1 0 -1 0 3832.dat
0 STEP
1 4 -40 -12 168 1 0 0 0 0 1 0 -1 0 3020.dat
1 4 40 -12 168 1 0 0 0 0 1 0 -1 0 3020.dat
0 STEP
1 4 0 -22 176 1 0 0 0 0 1 0 -1 0 4162.dat
1 0 -40 -2 176 1 0 0 0 0 1 0 -1 0 2431.dat
1 0 40 -2 176 1 0 0 0 0 1 0 -1 0 2431.dat
1 4 -90 -22 160 0 0 1 -1 0 0 0 -1 0 54200.dat
1 4 90 -22 160 0 0 -1 1 0 0 0 -1 0 54200.dat
1 0 -90 -2 160 0 0 1 -1 0 0 0 -1 0 54200.dat
1 0 90 -2 160 0 0 -1 1 0 0 0 -1 0 54200.dat
0 STEP
1 4 0 -96 90 1 0 0 0 1 0 0 0 1 3004.dat
1 4 0 -96 110 -1 0 0 0 1 0 0 0 -1 2458.dat
1 4 -30 -80 100 0 0 -1 0 1 0 1 0 0 60478.dat
1 4 30 -80 100 0 0 -1 0 1 0 1 0 0 60478.dat
0 STEP
1 0 0 -104 100 0 0 1 0 1 0 -1 0 0 3022.dat
1 71 -30 -104 100 0 0 1 0 1 0 -1 0 0 3937.dat
1 71 30 -104 100 0 0 -1 0 1 0 1 0 0 3937.dat
1 0 -37.071 -101.071 100 0 0.707107 0.707107 0 0.707107 -0.707107 -1 0 0 3938.dat
1 0 37.071 -101.071 100 0 -0.707107 0.707107 0 0.707107 0.707107 -1 0 0 3938.dat
1 71 -42.729 -106.727 90 -0.707107 0.707107 0 0.707107 0.707107 0 0 0 -1 4073.dat
1 71 -42.729 -106.727 110 -0.707107 0.707107 0 0.707107 0.707107 0 0 0 -1 4073.dat
1 71 42.729 -106.727 90 0.707107 -0.707107 0 0.707107 0.707107 0 0 0 1 4073.dat
1 71 42.729 -106.727 110 0.707107 -0.707107 0 0.707107 0.707107 0 0 0 1 4073.dat
0 STEP
1 71 -20 -96 70 1 0 0 0 1 0 0 0 1 3937.dat
1 71 20 -96 70 1 0 0 0 1 0 0 0 1 3937.dat
1 0 -20 -88.421 60.255 -1 0 0 0 0.249924 0.968266 0 0.968266 -0.249924 6134.dat
1 0 20 -88.421 60.255 -1 0 0 0 0.249924 0.968266 0 0.968266 -0.249924 6134.dat
1 80 -10 -112 100 0 0 1 0 1 0 -1 0 0 2412b.dat
1 80 10 -112 100 0 0 1 0 1 0 -1 0 0 2412b.dat
0 STEP
1 15 -9.412 -82.622 130 -0.337917 0.941176 0 -0.941176 -0.337917 0 0 0 1 6541.dat
1 0 -16.941 -79.916 130 -0.337917 0.941176 0 -0.941176 -0.337917 0 0 0 1 3070b.dat
1 71 13.177 -90.73 130 0 0.941176 -0.337917 0 -0.337917 -0.941176 -1 0 0 4073.dat
1 71 20.707 -93.435 130 0 0.941176 -0.337917 0 -0.337917 -0.941176 -1 0 0 4073.dat
1 15 28.237 -96.137 130 -0.337917 0.941176 0 -0.941176 -0.337917 0 0 0 1 3062b.dat
1 15 50.824 -104.251 130 -0.337917 0.941176 0 -0.941176 -0.337917 0 0 0 1 3062b.dat
0 STEP
1 0 0 -80.747 50 0 0 1 0.968266 0.249924 0 -0.249924 0.968266 0 3031.dat
0 STEP
1 4 0 -53.723 34.853 1 0 0 0 0.249924 -0.968266 0 0.968266 0.249924 3710.dat
1 4 0 -82.781 42.367 1 0 0 0 0.249924 -0.968266 0 0.968266 0.249924 3020.dat
1 0 0 -111.783 49.76 -1 0 0 0 0.249924 0.968266 0 0.968266 -0.249924 48336.dat
1 4 -30 -111.839 49.883 1 0 0 0 0.249924 -0.968266 0 0.968266 0.249924 3070b.dat
1 4 30 -111.839 49.883 1 0 0 0 0.249924 -0.968266 0 0.968266 0.249924 3070b.dat
0 STEP
1 73 0 -65.408 29.616 1 0 0 0 0.249924 -0.968266 0 0.968266 0.249924 3068b.dat
1 73 0 -104.153 39.638 1 0 0 0 0.249924 -0.968266 0 0.968266 0.249924 3068b.dat
1 0 -30 -84.757 34.504 0 0 1 0.968266 0.249924 0 -0.249924 0.968266 0 2431.dat
1 0 30 -84.757 34.504 0 0 1 0.968266 0.249924 0 -0.249924 0.968266 0 2431.dat
0 STEP
1 73 0 -40 0 1 0 0 0 1 0 0 0 1 3068b.dat
1 0 -30 -56 0 0 0 -1 0 1 0 1 0 0 4865b.dat
1 0 30 -56 0 0 0 1 0 1 0 -1 0 0 4865b.dat
0 STEP
1 71 -50 -40 -130 0 0 1 0 1 0 -1 0 0 4073.dat
1 71 -30 -40 -130 0 0 1 0 1 0 -1 0 0 4073.dat
1 71 30 -40 -130 0 0 1 0 1 0 -1 0 0 4073.dat
1 71 50 -40 -130 0 0 1 0 1 0 -1 0 0 4073.dat
1 19 -10 -48 -70 0 0 1 0 1 0 -1 0 0 3024.dat
1 19 10 -48 -70 0 0 1 0 1 0 -1 0 0 3024.dat
1 4 0 -64 -50 1 0 0 0 1 0 0 0 1 3937.dat
0 STEP
1 4 -10 -40 -90 1 0 0 0 1 0 0 0 1 54200.dat
1 4 10 -40 -90 1 0 0 0 1 0 0 0 1 54200.dat
1 72 0 -48 -110 1 0 0 0 1 0 0 0 1 2412b.dat
1 72 0 -56 -70 1 0 0 0 1 0 0 0 1 2412b.dat
0 STEP
1 0 -30 -48 -100 0 0 1 0 1 0 -1 0 0 3710.dat
1 0 30 -48 -100 0 0 1 0 1 0 -1 0 0 3710.dat
1 72 -50 -40 -120 -1 0 0 0 1 0 0 0 -1 61409.dat
1 72 50 -40 -120 -1 0 0 0 1 0 0 0 -1 61409.dat
0 STEP
1 4 -108 -12 0 0 1 0 0 0 -1 -1 0 0 3020.dat
1 4 108 -12 0 0 -1 0 0 0 1 -1 0 0 3020.dat
0 STEP
1 72 -116 -2 -20 0 1 0 0 0 -1 -1 0 0 2412b.dat
1 72 116 -2 -20 0 -1 0 0 0 1 -1 0 0 2412b.dat
1 72 -116 -2 20 0 1 0 0 0 -1 -1 0 0 2412b.dat
1 72 116 -2 20 0 -1 0 0 0 1 -1 0 0 2412b.dat
0 STEP
1 4 -116 -32 0 0 1 0 -1 0 0 0 0 1 41770.dat
1 4 116 -32 0 0 -1 0 1 0 0 0 0 1 41769.dat
0 STEP
1 4 0 -12 -152 1 0 0 0 0 -1 0 1 0 3034.dat
0 STEP
1 15 0 -2 -160 1 0 0 0 0 -1 0 1 0 3023.dat
1 0 -50 -2 -160 1 0 0 0 0 -1 0 1 0 3623.dat
1 0 50 -2 -160 1 0 0 0 0 -1 0 1 0 3623.dat
1 4 -20 -22 -160 -1 0 0 0 0 1 0 1 0 48336.dat
1 4 20 -22 -160 -1 0 0 0 0 1 0 1 0 48336.dat
1 71 -50 -22 -160 0 0 1 1 0 0 0 1 0 4073.dat
1 71 50 -22 -160 0 0 1 1 0 0 0 1 0 4073.dat
0 STEP
1 4 0 -22 -168 1 0 0 0 0 -1 0 1 0 2431.dat
1 4 -80 -22 -168 0 0 1 1 0 0 0 1 0 61678.dat
1 4 80 -22 -168 0 0 -1 -1 0 0 0 1 0 61678.dat
0 STEP
1 0 -30 -2 -168 1 0 0 0 0 -1 0 1 0 3623.dat
1 0 30 -2 -168 1 0 0 0 0 -1 0 1 0 3623.dat
0 STEP
1 4 0 -2 -176 1 0 0 0 0 -1 0 1 0 2431.dat
1 4 -80 -2 -176 0 0 1 1 0 0 0 1 0 61678.dat
1 4 80 -2 -176 0 0 -1 -1 0 0 0 1 0 61678.dat
0 STEP
1 0 0 -63.74 -52.249 1 0 0 0 0.97437 -0.224951 0 0.224951 0.97437 6134.dat
0 STEP
1 19 -10 -64.79 -83.279 0 0 1 0.224951 0.97437 0 -0.97437 0.224951 0 3666.dat
1 19 10 -64.79 -83.279 0 0 1 0.224951 0.97437 0 -0.97437 0.224951 0 3666.dat
0 STEP
1 4 0 -61.336 -133.799 1 0 0 0 0.97437 -0.224951 0 0.224951 0.97437 2431.dat
1 4 -20 -72.584 -85.08 1 0 0 0 0.97437 -0.224951 0 0.224951 0.97437 41769.dat
1 4 20 -72.584 -85.08 1 0 0 0 0.97437 -0.224951 0 0.224951 0.97437 41770.dat
1 4 0 -99.423 -39.961 -1 0 0 0 0.97437 0.224951 0 0.224951 -0.97437 3937.dat
0 STEP
1 4 0 -87.129 -57.648 1 0 0 0 0.97437 -0.224951 0 0.224951 0.97437 3710.dat
1 0 0 -93.663 -28.54 1 0 0 0 0.401948 0.915663 0 -0.915663 0.401948 6134.dat
0 STEP
1 4 -10 -98.219 -80.736 1 0 0 0 0.97437 -0.224951 0 0.224951 0.97437 50950.dat
1 4 10 -98.219 -80.736 1 0 0 0 0.97437 -0.224951 0 0.224951 0.97437 50950.dat
1 4 -30 -87.129 -57.648 0 0 1 0.224951 0.97437 0 -0.97437 0.224951 0 54200.dat
1 4 30 -87.129 -57.648 0 0 -1 -0.224951 0.97437 0 0.97437 0.224951 0 54200.dat
0 STEP
1 71 -10 -96.89 -21.219 0 0 -1 0.915663 0.401948 0 0.401948 -0.915663 0 4073.dat
1 71 10 -96.89 -21.219 0 0 -1 0.915663 0.401948 0 0.401948 -0.915663 0 4073.dat
1 19 0 -78.602 -13.19 1 0 0 0 0.401948 0.915663 0 -0.915663 0.401948 3794a.dat
1 0 0 -81.819 -5.863 -1 0 0 0 0.401948 -0.915663 0 -0.915663 -0.401948 30663.dat
0 STEP
1 71 -100 -22 -100 0 0 1 0 1 0 -1 0 0 55981.dat
1 256 -100 -22 -100 0 0 1 0 1 0 -1 0 0 58090.dat
1 71 100 -22 -100 0 0 -1 0 1 0 1 0 0 55981.dat
1 256 100 -22 -100 0 0 -1 0 1 0 1 0 0 58090.dat
1 71 -100 -22 100 0 0 1 0 1 0 -1 0 0 55981.dat
1 256 -100 -22 100 0 0 1 0 1 0 -1 0 0 58090.dat
1 71 100 -22 100 0 0 -1 0 1 0 1 0 0 55981.dat
1 256 100 -22 100 0 0 -1 0 1 0 1 0 0 58090.dat
0
